4294967279,118
4294967279,368
2549,7
4294967294,917
4294967279,367
2549,6
2549,5
2549,4
2549,3
2549,2
2549,1
4294967278,329
4294967278,328
4294967278,178
2546,6
2546,5
2546,4
2546,3
2546,2
2546,1
4294967294,1424
4294967278,158
2543,7
4294967278,147
2543,6
2543,5
2543,4
2543,3
2543,2
2543,1
2540,7
4294967279,275
4294967279,366
2540,6
2540,5
2540,4
2540,3
2540,2
2540,1
4294967278,244
2537,4
2537,3
2537,2
2537,1
4294967278,224
2536,5
2536,4
2536,3
2536,2
2536,1
2534,5
2534,4
2534,3
2534,2
2534,1
4294967279,365
4294967294,1421
4294967294,920
2532,6
4294967278,259
4294967278,447
2532,5
2532,4
2532,3
2532,2
2532,1
2531,5
2531,4
2531,3
2531,2
2531,1
4294967279,364
2530,6
2530,5
2530,4
2530,3
2530,2
2530,1
2529,6
2529,5
2529,4
2529,3
2529,2
2529,1
2528,6
4294967294,465
4294967279,362
2528,5
2528,4
2528,3
2528,2
2528,1
4294967278,446
4294967278,401
2527,5
2527,4
2527,3
2527,2
2527,1
2525,4
2525,3
2525,2
2525,1
4294967279,270
4294967278,429
4294967279,174
4294967278,52
4294967278,33
4294967279,341
4294967278,250
4294967279,361
2524,7
4294967278,362
2524,6
2524,5
2524,4
2524,2
2524,1
4294967279,278
4294967294,462
4294967294,470
4294967294,1425
4294967279,359
2521,6
2521,5
2521,4
2521,3
2521,2
2521,1
4294967278,293
4294967294,188
2518,7
4294967278,156
4294967279,155
2518,6
2518,5
2518,4
2518,2
2518,1
4294967279,145
4294967279,271
2515,7
4294967279,277
2515,6
2515,5
2515,4
2515,2
2515,1
4294967279,255
4294967279,318
4294967278,254
2512,4
2512,3
2512,2
2512,1
4294967278,407
4294967278,246
4294967278,242
4294967279,338
2511,5
2511,4
2511,3
2511,2
2511,1
4294967278,234
4294967278,214
2509,5
4294967278,211
2509,4
2509,3
2509,2
2509,1
4294967294,911
4294967294,918
4294967278,296
2507,6
2507,5
2507,4
2507,3
2507,2
2507,1
4294967294,1422
2506,5
2506,4
2506,3
2506,2
2506,1
4294967294,169
2505,6
4294967278,444
2505,5
2505,4
2505,3
2505,2
2505,1
4294967279,355
4294967279,515
2504,6
2504,5
2504,4
2504,3
2504,2
2504,1
4294967278,389
2503,6
4294967278,346
4294967279,357
4294967279,159
2503,5
2503,4
4294967279,158
2503,3
2503,2
2503,1
4294967278,157
4294967278,443
2502,5
4294967279,151
2502,4
4294967278,150
2502,3
2502,2
2502,1
4294967279,149
4294967278,146
4294967279,146
4294967279,143
4294967279,142
4294967279,141
2500,4
2500,3
2500,2
2500,1
4294967278,440
4294967278,439
4294967278,438
4294967279,519
4294967278,40
4294967279,540
4294967278,88
4294967279,354
4294967279,339
4294967279,353
2499,7
4294967279,352
4294967279,2
4294967294,915
4294967294,913
4294967278,216
2499,6
2499,5
2499,4
2499,2
2499,1
4294967278,206
4294967279,324
4294967279,200
4294967294,1423
2496,6
2496,5
2496,4
2496,3
2496,2
2496,1
4294967279,514
2493,7
2493,6
2493,5
2493,4
2493,3
2493,2
2493,1
4294967278,339
2490,7
2490,6
2490,5
2490,4
2490,3
2490,2
2490,1
4294967294,384
4294967294,175
4294967294,451
4294967279,262
4294967278,262
4294967279,253
4294967278,257
4294967279,564
2487,4
2487,3
2487,2
2487,1
4294967279,323
4294967278,317
4294967278,253
4294967279,249
4294967279,248
2486,5
2486,4
2486,3
2486,2
2486,1
4294967278,240
4294967278,435
4294967278,232
4294967278,226
4294967278,222
2484,5
2484,4
2484,3
2484,2
2484,1
4294967279,349
2482,6
4294967279,348
2482,5
2482,4
2482,3
2482,2
2482,1
4294967278,403
2481,5
4294967278,199
2481,4
2481,3
2481,2
2481,1
4294967279,197
4294967279,347
2480,6
2480,5
2480,4
4294967279,189
2480,3
2480,2
2480,1
4294967278,187
4294967279,185
2479,6
2479,5
2479,4
2479,3
2479,2
2479,1
4294967279,176
2478,6
4294967279,175
4294967294,183
4294967294,443
4294967294,459
2478,5
2478,4
2478,3
2478,2
2478,1
4294967278,432
2477,5
2477,4
2477,3
2477,2
2477,1
4294967278,431
2476,5
2476,4
2476,3
2476,2
2476,1
2475,4
2475,3
2475,2
2475,1
4294967279,513
4294967279,156
4294967279,360
4294967278,61
4294967278,60
4294967278,59
4294967278,58
4294967278,57
4294967278,56
4294967278,55
4294967278,54
4294967278,53
4294967278,345
4294967279,85
4294967279,83
4294967279,82
4294967279,80
4294967279,76
4294967279,74
4294967279,72
4294967279,71
4294967279,70
4294967279,68
4294967279,67
4294967279,65
4294967279,64
4294967279,63
4294967279,61
4294967279,60
4294967279,56
4294967279,54
4294967279,53
4294967279,47
4294967279,343
4294967279,39
4294967279,38
4294967279,35
4294967279,88
4294967279,32
4294967279,26
4294967279,23
4294967279,21
4294967279,12
4294967278,258
2474,7
2474,6
2474,5
2474,4
2474,2
2474,1
4294967294,396
4294967294,111
4294967294,409
4294967294,411
4294967294,910
4294967278,295
2471,6
2471,5
2471,4
2471,3
2471,2
2471,1
2468,7
4294967278,437
4294967294,393
2468,6
2468,5
2468,4
2468,2
2468,1
4294967278,145
2465,7
2465,6
2465,5
2465,4
2465,2
2465,1
2462,4
2462,3
2462,2
2462,1
4294967278,424
4294967278,423
4294967278,271
2461,5
2461,4
2461,3
2461,2
2461,1
2459,5
2459,4
2459,3
2459,2
2459,1
4294967279,337
4294967279,336
4294967278,409
2457,6
2457,5
2457,4
2457,3
2457,2
2457,1
2456,5
2456,4
2456,3
2456,2
2456,1
4294967279,333
2455,6
2455,5
2455,4
2455,3
2455,2
2455,1
2454,6
2454,5
2454,4
2454,3
2454,2
2454,1
4294967279,512
2453,6
4294967279,326
4294967294,909
4294967279,276
2453,5
2453,4
2453,3
2453,2
2453,1
4294967279,533
4294967279,331
2452,5
2452,4
2452,3
2452,2
2452,1
2450,4
2450,3
2450,2
2450,1
4294967294,110
4294967278,413
4294967279,329
4294967279,59
4294967279,58
4294967279,57
4294967279,50
4294967279,45
4294967279,42
4294967279,41
4294967279,31
4294967279,28
4294967279,17
4294967279,16
4294967279,14
4294967279,9
4294967278,272
4294967278,327
4294967279,19
4294967279,224
4294967278,410
4294967279,18
4294967279,332
2449,7
4294967279,379
4294967278,305
2449,6
2449,5
2449,4
2449,2
2449,1
4294967278,332
4294967278,205
2446,6
2446,5
2446,4
2446,3
2446,2
2446,1
4294967278,406
4294967279,274
4294967278,343
4294967279,184
4294967278,183
4294967278,180
2443,7
4294967294,179
4294967294,162
4294967278,405
2443,6
2443,5
2443,4
2443,2
2443,1
4294967278,286
2440,7
2440,6
2440,5
2440,4
2440,2
2440,1
4294967294,461
2437,4
2437,3
2437,2
2437,1
4294967279,218
2436,5
2436,4
2436,3
2436,2
2436,1
2434,5
2434,4
2434,3
2434,2
2434,1
4294967278,137
2432,6
4294967278,404
2432,5
2432,4
2432,3
2432,2
2432,1
2431,5
2431,4
2431,3
2431,2
2431,1
2430,6
2430,5
2430,4
2430,3
2430,2
2430,1
4294967279,322
4294967294,965
4294967278,197
2429,6
4294967279,321
2429,5
4294967278,192
2429,4
2429,3
2429,2
2429,1
4294967278,191
4294967294,457
4294967278,188
2428,6
4294967278,365
4294967278,179
2428,5
2428,4
2428,3
2428,2
2428,1
2427,5
2427,4
2427,3
2427,2
2427,1
4294967279,167
2426,4
2426,3
2426,2
2426,1
2425,4
2425,3
2425,2
2425,1
4294967294,1415
4294967294,400
4294967294,420
4294967294,177
4294967294,385
4294967294,167
4294967278,400
4294967279,320
4294967294,37
4294967294,36
4294967294,39
4294967279,240
4294967279,530
4294967279,137
4294967278,393
4294967278,325
4294967278,275
4294967278,227
4294967279,296
4294967279,252
4294967279,244
4294967279,522
4294967279,516
4294967279,242
4294967279,371
4294967279,537
4294967279,246
4294967278,337
2424,7
2424,6
2424,5
2424,4
2424,2
2424,1
4294967279,309
4294967278,394
2421,6
2421,5
2421,4
2421,3
2421,2
2421,1
4294967278,330
4294967294,419
2418,7
2418,6
2418,5
2418,4
2418,2
2418,1
4294967278,304
2415,7
4294967279,152
4294967279,150
2415,6
2415,5
2415,4
2415,2
2415,1
4294967294,113
4294967294,417
4294967294,119
2412,4
2412,3
2412,2
2412,1
4294967279,280
2411,5
2411,4
2411,3
2411,2
2411,1
2409,5
2409,4
2409,3
2409,2
2409,1
4294967279,238
4294967278,398
2407,6
2407,5
2407,4
2407,3
2407,2
2407,1
2406,5
2406,4
4294967279,217
2406,3
2406,2
2406,1
4294967279,215
4294967278,377
4294967279,234
2405,6
4294967278,391
2405,5
2405,4
2405,3
2405,2
2405,1
4294967294,454
4294967294,464
2404,6
4294967279,202
4294967279,230
2404,5
4294967279,199
2404,4
2404,3
2404,2
2404,1
2403,6
4294967294,387
4294967278,390
2403,5
2403,4
2403,3
2403,2
2403,1
4294967279,228
2402,5
2402,4
2402,3
2402,2
2402,1
2400,4
2400,3
2400,2
2400,1
4294967278,388
4294967278,284
4294967294,178
4294967294,919
4294967294,449
4294967294,401
4294967279,222
4294967279,310
4294967278,306
4294967294,40
4294967278,221
4294967279,256
2399,7
4294967279,377
4294967279,220
2399,6
2399,5
2399,4
2399,2
2399,1
4294967279,216
4294967278,237
2396,6
2396,5
2396,4
2396,3
2396,2
2396,1
4294967278,372
4294967278,430
4294967279,201
4294967279,308
2393,7
4294967279,214
2393,6
2393,5
2393,4
2393,2
2393,1
4294967278,247
4294967294,904
4294967294,908
4294967279,177
2390,7
2390,6
4294967279,260
2390,5
2390,4
2390,2
2390,1
4294967278,417
2387,4
2387,3
2387,2
2387,1
4294967278,135
4294967278,288
4294967278,287
2386,5
2386,4
2386,3
2386,2
2386,1
4294967278,243
4294967279,575
4294967278,352
4294967278,261
2384,5
2384,4
2384,3
2384,2
2384,1
4294967279,574
2382,6
2382,5
4294967279,243
2382,4
2382,3
2382,2
2382,1
2381,5
2381,4
2381,3
2381,2
2381,1
4294967294,948
4294967294,406
4294967294,168
4294967294,191
4294967294,402
4294967294,467
4294967294,160
2380,6
2380,5
2380,4
2380,3
2380,2
2380,1
4294967294,389
2379,6
4294967294,423
4294967279,573
2379,5
2379,4
2379,3
2379,2
2379,1
2378,6
4294967294,115
4294967279,572
2378,5
2378,4
2378,3
2378,2
2378,1
4294967279,532
4294967278,233
4294967279,531
4294967279,300
2377,5
4294967294,1416
2377,4
2377,3
2377,2
2377,1
4294967278,256
4294967294,17
4294967294,99
4294967294,76
2375,4
2375,3
2375,2
2375,1
0,7
4294967294,472
4294967294,1
4294967294,1417
4294967294,969
4294967294,0
4294967294,386
4294967294,902
4294967294,185
4294967294,903
4294967294,413
4294967294,1418
4294967294,46
4294967294,45
4294967294,388
4294967294,120
4294967294,114
4294967294,436
4294967294,474
4294967294,473
4294967279,571
4294967294,42
4294967294,107
4294967294,50
4294967294,90
4294967294,87
4294967294,86
4294967294,84
4294967294,52
4294967294,1420
4294967294,44
4294967294,43
4294967294,1419
4294967294,51
4294967294,89
4294967279,0
4294967294,82
4294967294,1414
4294967294,68
4294967294,11
4294967294,92
4294967278,422
4294967278,223
4294967294,5
4294967279,138
4294967279,570
2374,7
4294967279,569
2374,6
2374,5
2374,4
2374,2
2374,1
4294967278,300
4294967294,960
4294967294,964
4294967279,227
2371,6
2371,5
4294967279,219
2371,4
2371,3
2371,2
2371,1
4294967278,310
4294967279,568
4294967279,212
4294967278,411
4294967279,207
2368,7
2368,6
4294967278,189
2368,5
2368,4
2368,2
2368,1
4294967278,370
4294967279,567
2365,7
4294967279,164
2365,6
2365,5
2365,4
2365,2
2365,1
4294967278,260
4294967278,385
4294967279,148
2362,4
2362,3
2362,2
2362,1
4294967278,340
4294967294,415
4294967279,299
4294967279,134
2361,5
2361,4
2361,3
2361,2
2361,1
4294967279,566
4294967279,258
4294967279,257
2359,5
2359,4
2359,3
2359,2
2359,1
4294967279,314
2357,6
2357,5
2357,4
2357,3
2357,2
2357,1
4294967279,247
4294967279,245
2356,5
2356,4
2356,3
2356,2
2356,1
4294967279,237
4294967279,563
2355,6
4294967278,228
4294967279,231
4294967278,318
4294967279,229
2355,5
4294967279,225
2355,4
4294967279,223
2355,3
2355,2
2355,1
4294967279,559
4294967279,221
2354,6
4294967279,213
2354,5
2354,4
2354,3
2354,2
2354,1
4294967279,209
4294967294,912
4294967294,112
2353,6
4294967278,375
2353,5
2353,4
2353,3
2353,2
2353,1
4294967278,347
4294967278,190
2352,5
2352,4
2352,3
2352,2
2352,1
4294967278,313
4294967278,177
2350,4
2350,3
2350,2
2350,1
4294967278,382
4294967278,311
4294967294,416
4294967294,476
4294967278,132
4294967278,131
4294967278,130
4294967278,129
4294967278,127
4294967278,126
4294967278,125
4294967278,124
4294967278,123
4294967278,122
4294967278,121
4294967278,120
4294967278,119
4294967278,118
4294967278,117
4294967278,116
4294967278,115
4294967278,114
4294967278,113
4294967278,112
4294967278,111
4294967278,110
4294967278,109
4294967278,108
4294967278,107
4294967278,106
4294967278,105
4294967278,104
4294967278,103
4294967278,102
4294967278,101
4294967278,100
4294967278,99
4294967278,98
4294967278,97
4294967278,96
4294967278,95
4294967278,94
4294967278,93
4294967278,92
4294967278,91
4294967278,90
4294967278,89
4294967278,87
4294967278,85
4294967278,84
4294967278,83
4294967278,82
4294967278,80
4294967278,79
4294967278,78
4294967278,77
4294967278,76
4294967278,75
4294967278,74
4294967278,73
4294967278,71
4294967278,70
4294967278,68
4294967278,67
4294967278,66
4294967278,65
4294967278,64
4294967278,63
4294967278,62
4294967279,84
4294967279,81
4294967279,79
4294967279,78
4294967279,77
4294967279,75
4294967279,73
4294967279,66
4294967279,62
4294967279,55
4294967279,52
4294967279,51
4294967279,49
4294967279,40
4294967279,37
4294967279,36
4294967279,33
4294967279,29
4294967279,27
4294967279,25
4294967279,24
4294967279,22
4294967279,15
4294967279,13
4294967279,11
4294967279,10
4294967279,8
4294967279,7
4294967279,5
4294967279,4
4294967278,255
4294967279,46
4294967279,44
4294967278,386
4294967279,43
4294967278,0
4294967279,558
4294967279,557
2349,7
4294967278,381
4294967278,414
2349,6
2349,5
2349,4
2349,2
2349,1
4294967278,379
4294967279,560
4294967278,445
4294967279,556
2346,6
2346,5
2346,4
2346,3
2346,2
2346,1
4294967278,428
4294967279,356
4294967294,477
4294967294,900
4294967279,208
4294967278,207
2343,7
4294967278,331
2343,6
2343,5
2343,4
2343,2
2343,1
2340,7
2340,6
2340,5
2340,4
2340,3
2340,2
2340,1
4294967279,555
4294967279,157
4294967278,149
2337,4
4294967278,148
2337,3
2337,2
2337,1
4294967279,147
4294967278,303
4294967278,144
4294967278,139
2336,5
2336,4
4294967279,272
2336,3
2336,2
2336,1
4294967279,549
4294967278,277
4294967278,134
4294967278,133
4294967294,460
4294967278,268
2334,5
2334,4
2334,3
2334,2
2334,1
4294967279,554
4294967278,278
2332,6
2332,5
2332,4
2332,3
2332,2
2332,1
4294967279,553
4294967279,562
2331,5
4294967279,250
2331,4
2331,3
2331,2
2331,1
2330,6
2330,5
2330,4
2330,3
2330,2
2330,1
4294967279,535
2329,6
2329,5
2329,4
2329,3
2329,2
2329,1
2328,6
4294967279,211
2328,5
2328,4
2328,3
2328,2
2328,1
2327,5
2327,4
2327,3
2327,2
2327,1
4294967279,192
4294967278,373
4294967279,190
2325,4
2325,3
2325,2
2325,1
4294967278,442
4294967278,333
4294967294,2
4294967278,291
4294967294,41
4294967294,38
4294967294,67
4294967294,91
4294967294,85
4294967294,418
4294967294,950
4294967294,949
4294967294,29
4294967294,921
4294967294,28
4294967294,946
4294967294,27
4294967294,26
4294967294,53
4294967294,426
4294967294,475
4294967294,25
4294967294,96
4294967294,94
4294967294,9
4294967294,8
4294967294,22
